THE  15568 27  2
OF    9767 25  0
AND   7638  7  3
TO    5739 28  6
A     5074 15  7
IN    4312 23  4
THAT  3017  2  5
IS    2509 11 18
I     2292  0 29
IT    2255 24 10
FOR   1869 19  1
AS    1853  3 14
WITH  1849 14 13
WAS   1761  6 21
HIS   1732 22 17
HE    1727 21  9
BE    1535  8  8 
NOT   1469  5 19 
BY    1392  1 15
BUT   1379 18 25
HAVE  1344  4 27
YOU   1336 30 22
WHICH 1291 29 30
ARE   1222 16 23
ON    1155 12 11
OR    1101 26 20
HER   1093 10 28
HAD   1062 20 16
AT    1053 17 24
FROM  1039  9 26
THIS  1021 13 12
